-1.580960315991930321e+00
1.580960315991930321e+00
-5.211426327584783857e-03
-1.580960315991930321e+00
-1.580960315991930321e+00
-1.580960315991930321e+00
-9.507899707791145349e-01
6.455975007684642275e-01
-3.261370002816941227e-01
1.580960315991930321e+00
1.580960315991930321e+00
1.580960315991930321e+00
1.580960315991930321e+00
4.484975015367043127e-03
1.258555273103702410e+00
-1.263382244852202518e+00
-1.580960315991930321e+00
-1.580960315991930321e+00
-1.258555273103702410e+00
-1.580960315991930321e+00
1.580960315991930321e+00
3.921632749767561821e-03
9.397729459270496299e-01
1.263535871863181947e+00
-1.580960315991930321e+00
-1.580960315991930321e+00
-1.262177988815277541e+00
-6.476224555075044131e-03
-9.542927303777066772e-01
1.580960315991930321e+00
-1.580960315991930321e+00
-1.580960315991930321e+00
1.580960315991930321e+00
1.580960315991930321e+00
-6.428366228714563757e-01
-1.580960315991930321e+00
-9.397729459270496299e-01
-1.580960315991930321e+00
1.580960315991930321e+00
-1.580960315991930321e+00
-1.580960315991930321e+00
-1.580960315991930321e+00
6.402820310661487824e-01
-6.518480960625947507e-01
-1.263535871863181947e+00
-1.580960315991930321e+00
1.580960315991930321e+00
1.271717174506455272e+00
-1.580960315991930321e+00
-1.580960315991930321e+00
-1.262177988815277541e+00
1.580960315991930321e+00
-6.271149313562354166e-01
1.580960315991930321e+00
1.580960315991930321e+00
1.580960315991930321e+00
-1.580960315991930321e+00
1.580960315991930321e+00
-1.580960315991930321e+00
-1.580960315991930321e+00
-1.580960315991930321e+00
1.580960315991930321e+00
-6.359078542672087497e-01
6.207796157497535994e-01
-1.580960315991930321e+00
9.644403701356827341e-01
-1.580960315991930321e+00
-1.580960315991930321e+00
-1.262117446624712036e+00
1.580960315991930321e+00
1.580960315991930321e+00
6.470159260069341389e-01
-1.580960315991930321e+00
-1.580960315991930321e+00
1.580960315991930321e+00
-1.259356568727704184e+00
1.580960315991930321e+00
1.580960315991930321e+00
-6.518480960625947507e-01
1.580960315991930321e+00
-1.580960315991930321e+00
-1.263535871863181947e+00
-1.580960315991930321e+00
1.580960315991930321e+00
9.495251725516242747e-01
-9.405742415510511822e-01
-1.580960315991930321e+00
1.258555273103702410e+00
1.580960315991930321e+00
9.423833630139797357e-01
1.580960315991930321e+00
1.580960315991930321e+00
-9.520797643569316460e-01
1.580960315991930321e+00
-3.330657688859416377e-01
-1.264788405902207646e+00
9.495857147421897793e-01
9.445999176755495164e-01
9.405136993604856777e-01
-1.263382244852202518e+00
-1.580960315991930321e+00
-9.419321245989555891e-01
1.580960315991930321e+00
-1.580960315991930321e+00
9.369515258394762736e-01
1.580960315991930321e+00
1.580960315991930321e+00
-1.580960315991930321e+00
-1.273683511621158004e+00
-1.580960315991930321e+00
-1.580960315991930321e+00
1.580960315991930321e+00
-1.580960315991930321e+00
-1.580960315991930321e+00
9.473639617734590512e-01
6.209300765598313454e-01
-6.333532624619013784e-01
-3.220630461550951784e-01
1.580960315991930321e+00
-1.264788405902207646e+00
1.580960315991930321e+00
9.405136993604856777e-01
-1.580960315991930321e+00
-1.580960315991930321e+00
3.033551716210049487e-01
1.580960315991930321e+00
9.459629990306148706e-01
9.405136993604856777e-01
1.580960315991930321e+00
1.259356568727704184e+00
-1.273683511621158004e+00
3.143096163497506867e-01
1.580960315991930321e+00
3.145226572831475442e-01
-1.580960315991930321e+00
9.473639617734590512e-01
-1.580960315991930321e+00
-1.580960315991930321e+00
1.580960315991930321e+00
-1.580960315991930321e+00
1.273683511621158004e+00
-1.580960315991930321e+00
-9.562590674924094092e-01
-2.853508843500329739e-03
1.264788405902207646e+00
-3.067637181310347572e-01
6.415682364509650570e-03
-1.580960315991930321e+00
1.580960315991930321e+00
-1.580960315991930321e+00
-4.410130703583314826e-03
1.580960315991930321e+00
3.330657688859416377e-01
3.266647127817333685e-01
-1.580960315991930321e+00
1.580960315991930321e+00
1.580960315991930321e+00
1.580960315991930321e+00
1.580960315991930321e+00
3.219094191441155828e-01
-1.262117446624712036e+00
1.262177988815277541e+00
1.580960315991930321e+00
1.271717174506455272e+00
1.264788405902207646e+00
1.580960315991930321e+00
-3.089260571773480568e-01
1.262117446624712036e+00
1.580960315991930321e+00
-1.262117446624712036e+00
6.436667934193214258e-01
1.580960315991930321e+00
-6.333655266503659398e-01
-1.580960315991930321e+00
1.264788405902207646e+00
-1.580960315991930321e+00
3.187388259924879286e-01
1.201860904561832810e-02
1.580960315991930321e+00
-1.580960315991930321e+00
3.356761859728717434e-01
1.580960315991930321e+00
-1.580960315991930321e+00
1.580960315991930321e+00
-1.580960315991930321e+00
1.580960315991930321e+00
-3.019367463825350373e-01
-1.580960315991930321e+00
-1.580960315991930321e+00
1.580960315991930321e+00
1.262117446624712036e+00
-3.308440159172111317e-01
9.447535446865289455e-01
1.580960315991930321e+00
-1.263382244852202518e+00
1.580960315991930321e+00
-9.467642946546164229e-01
-1.580960315991930321e+00
9.561054404814299801e-01
-1.264788405902207646e+00
1.268368041918842781e+00
1.580960315991930321e+00
1.580960315991930321e+00
-1.580960315991930321e+00
1.580960315991930321e+00
1.268368041918842781e+00
-1.580960315991930321e+00
1.264788405902207646e+00
1.264788405902207646e+00
-6.470159260069341389e-01
-1.262177988815277541e+00
1.580960315991930321e+00
-1.253839673173967606e-03
-1.580960315991930321e+00
-3.229181291279656918e-01
1.580960315991930321e+00
-1.262117446624712036e+00
1.258555273103702410e+00
-1.580960315991930321e+00
1.580960315991930321e+00
-9.473639617734590512e-01
-1.580960315991930321e+00
1.580960315991930321e+00
1.580960315991930321e+00
1.580960315991930321e+00
-1.580960315991930321e+00
-1.580960315991930321e+00
-1.580960315991930321e+00
-1.580960315991930321e+00
-9.562590674924094092e-01
-1.262177988815277541e+00
1.580960315991930321e+00
-3.127091967462553024e-03
1.580960315991930321e+00
-6.353567761900740241e-01
3.069348076376399725e-01
-1.580960315991930321e+00
-9.561054404814299801e-01
6.428366228714563757e-01
-1.271717174506455272e+00
-9.409772019639746077e-01
1.580960315991930321e+00
1.580960315991930321e+00
-1.580960315991930321e+00
-1.580960315991930321e+00
-1.580960315991930321e+00
-9.445393754849840118e-01
-1.580960315991930321e+00
-3.260887222795934015e-01
3.302443487983683368e-01
1.580960315991930321e+00
-1.580960315991930321e+00
-9.459578007234539232e-01
-1.580960315991930321e+00
-1.580960315991930321e+00
1.580960315991930321e+00
-3.924798950669494690e-03
1.580960315991930321e+00
6.435131664083419967e-01
-1.271717174506455272e+00
-3.261370002816941227e-01
-9.541391033667270261e-01
-1.580960315991930321e+00
-6.334138046524666610e-01
-1.580960315991930321e+00
-1.580960315991930321e+00
1.273683511621158004e+00
-1.580960315991930321e+00
1.580960315991930321e+00
-1.580960315991930321e+00
9.405136993604856777e-01
-1.580960315991930321e+00
-1.580960315991930321e+00
1.580960315991930321e+00
-1.580960315991930321e+00
1.580960315991930321e+00
1.580960315991930321e+00
-9.512784687329300937e-01
-1.259356568727704184e+00
-1.580960315991930321e+00
1.580960315991930321e+00
-1.580960315991930321e+00
-6.482684600459596158e-01
1.580960315991930321e+00
1.580960315991930321e+00
6.456580429590295100e-01
1.580960315991930321e+00
-1.271717174506455272e+00
-1.580960315991930321e+00
-1.580960315991930321e+00
-1.271717174506455272e+00
1.580960315991930321e+00
-6.305298044415743597e-01
-1.580960315991930321e+00
-1.262177988815277541e+00
1.263535871863181947e+00
-1.580960315991930321e+00
-6.429529903436443927e-01
1.580960315991930321e+00
-1.580960315991930321e+00
-1.580960315991930321e+00
1.580960315991930321e+00
1.271717174506455272e+00
1.580960315991930321e+00
-1.271717174506455272e+00
-3.047704306585730660e-01
1.580960315991930321e+00
3.081873416766656715e-01
9.397124037364841254e-01
1.262117446624712036e+00
-1.271717174506455272e+00
6.257602145092326928e-01
-4.472710826902398518e-03
-9.446930024959634409e-01
1.580960315991930321e+00
1.580960315991930321e+00
-6.271201296633963640e-01
-1.580960315991930321e+00
1.271717174506455272e+00
-1.580960315991930321e+00
1.580960315991930321e+00
1.580960315991930321e+00
-1.580960315991930321e+00
1.580960315991930321e+00
-1.580960315991930321e+00
9.507899707791145349e-01
1.580960315991930321e+00
1.580960315991930321e+00
-6.455975007684642275e-01
9.548406422539394978e-01
-1.259356568727704184e+00
1.580960315991930321e+00
-1.580960315991930321e+00
1.580960315991930321e+00
-1.580960315991930321e+00
-1.262177988815277541e+00
1.580960315991930321e+00
-1.268368041918842781e+00
-1.580960315991930321e+00
6.332974371802786440e-01
1.580960315991930321e+00
1.580960315991930321e+00
1.580960315991930321e+00
-3.007447545340748429e-01
1.580960315991930321e+00
-1.580960315991930321e+00
-1.580960315991930321e+00
1.262117446624712036e+00
-1.580960315991930321e+00
1.580960315991930321e+00
-3.145226572831475442e-01
-9.495857147421897793e-01
-9.529348473298022704e-01
1.580960315991930321e+00
-2.418881163875202800e-03
1.264788405902207646e+00
1.580960315991930321e+00
1.580960315991930321e+00
-1.580960315991930321e+00
-1.580960315991930321e+00
-1.580960315991930321e+00
-9.411308289749540368e-01
-6.333655266503659398e-01
6.346180606893916387e-01
-1.580960315991930321e+00
-1.580960315991930321e+00
1.580960315991930321e+00
1.580960315991930321e+00
1.580960315991930321e+00
9.495251725516242747e-01
-9.445999176755495164e-01
-1.580960315991930321e+00
-9.431846586379812880e-01
1.580960315991930321e+00
9.459578007234539232e-01
-1.580960315991930321e+00
-1.263535871863181947e+00
6.482684600459596158e-01
1.262117446624712036e+00
6.320076436024615330e-01
1.580960315991930321e+00
-3.225090862629583777e-01
-1.273683511621158004e+00
3.186338709485380116e-01
-9.644403701356827341e-01
9.467642946546164229e-01
1.580960315991930321e+00
1.580960315991930321e+00
-1.580960315991930321e+00
-1.580960315991930321e+00
-1.580960315991930321e+00
-1.580960315991930321e+00
-1.580960315991930321e+00
6.476224555075044131e-03
-9.447535446865289455e-01
-1.580960315991930321e+00
1.580960315991930321e+00
-1.580960315991930321e+00
-3.171936165606430436e-01
-1.580960315991930321e+00
9.445999176755495164e-01
1.580960315991930321e+00
-1.580960315991930321e+00
-1.580960315991930321e+00
-1.580960315991930321e+00
1.258555273103702410e+00
-1.273683511621158004e+00
6.482684600459596158e-01
1.268368041918842781e+00
1.580960315991930321e+00
1.273683511621158004e+00
-9.467642946546164229e-01
1.580960315991930321e+00
1.580960315991930321e+00
1.580960315991930321e+00
-1.580960315991930321e+00
-1.580960315991930321e+00
-1.580960315991930321e+00
6.415468292936390426e-01
-1.580960315991930321e+00
9.542927303777066772e-01
1.580960315991930321e+00
1.580960315991930321e+00
-1.580960315991930321e+00
-3.151161102809131864e-01
-9.529348473298022704e-01
1.580960315991930321e+00
-1.580960315991930321e+00
-1.580960315991930321e+00
-6.293398505258678277e-01
1.580960315991930321e+00
-1.580960315991930321e+00
-1.580960315991930321e+00
1.580960315991930321e+00
-1.580960315991930321e+00
9.473639617734590512e-01
1.580960315991930321e+00
1.580960315991930321e+00
-1.580960315991930321e+00
1.580960315991930321e+00
1.580960315991930321e+00
-3.280799718193013748e-01
1.580960315991930321e+00
1.580960315991930321e+00
1.262117446624712036e+00
-1.580960315991930321e+00
9.472103347624796221e-01
-1.580960315991930321e+00
6.347716877003712899e-01
9.507899707791145349e-01
1.580960315991930321e+00
-3.047098884680075614e-01
-6.435131664083419967e-01
1.263382244852202518e+00
-9.411308289749540368e-01
1.580960315991930321e+00
1.580960315991930321e+00
6.181691986628234936e-01
-1.580960315991930321e+00
1.580960315991930321e+00
1.273683511621158004e+00
-1.262117446624712036e+00
-1.580960315991930321e+00
-1.580960315991930321e+00
1.580960315991930321e+00
-1.580960315991930321e+00
1.580960315991930321e+00
1.580960315991930321e+00
1.262177988815277541e+00
1.580960315991930321e+00
1.580960315991930321e+00
-1.580960315991930321e+00
-1.580960315991930321e+00
-1.580960315991930321e+00
-1.580960315991930321e+00
-1.580960315991930321e+00
-3.241101209764258861e-01
-1.580960315991930321e+00
-1.580960315991930321e+00
3.151109119737521835e-01
1.268368041918842781e+00
1.580960315991930321e+00
-9.423833630139797357e-01
-1.580960315991930321e+00
9.467642946546164229e-01
-1.580960315991930321e+00
-1.580960315991930321e+00
1.580960315991930321e+00
-1.580960315991930321e+00
1.580960315991930321e+00
-1.264788405902207646e+00
1.263535871863181947e+00
1.580960315991930321e+00
-1.580960315991930321e+00
1.263382244852202518e+00
-1.580960315991930321e+00
1.580960315991930321e+00
-1.580960315991930321e+00
1.580960315991930321e+00
-1.580960315991930321e+00
1.580960315991930321e+00
1.580960315991930321e+00
1.580960315991930321e+00
-1.580960315991930321e+00
-1.580960315991930321e+00
1.281990466961979713e-02
-1.580960315991930321e+00
1.580960315991930321e+00
-1.580960315991930321e+00
1.580960315991930321e+00
1.580960315991930321e+00
-9.423833630139797357e-01
-6.394874902838436626e-01
1.580960315991930321e+00
-1.580960315991930321e+00
-1.580960315991930321e+00
-1.580960315991930321e+00
1.580960315991930321e+00
-1.580960315991930321e+00
1.580960315991930321e+00
1.580960315991930321e+00
-1.580960315991930321e+00
1.580960315991930321e+00
-1.580960315991930321e+00
2.479423354440707383e-03
-1.580960315991930321e+00
-9.369515258394762736e-01
1.580960315991930321e+00
1.580960315991930321e+00
-1.580960315991930321e+00
3.330657688859416377e-01
1.580960315991930321e+00
-1.259356568727704184e+00
6.195270817107276784e-01
-1.580960315991930321e+00
1.580960315991930321e+00
-6.482684600459596158e-01
-1.580960315991930321e+00
-6.367198575451396003e-01
3.110035634570779139e-01
-1.264788405902207646e+00
1.580960315991930321e+00
5.891136065372282182e-03
-1.580960315991930321e+00
6.367146592379784309e-01
-9.644403701356827341e-01
-1.580960315991930321e+00
1.580960315991930321e+00
-3.061765917085783051e-01
-1.580960315991930321e+00
-1.268368041918842781e+00
-1.580960315991930321e+00
3.171255270905556922e-01
9.644403701356827341e-01
-6.367023950495138696e-01
1.580960315991930321e+00
1.580960315991930321e+00
7.834107602979589746e-03
6.399335303917068618e-01
-1.580960315991930321e+00
-1.259356568727704184e+00
3.302443487983683368e-01
1.580960315991930321e+00
3.330657688859416377e-01
1.580960315991930321e+00
1.580960315991930321e+00
1.580960315991930321e+00
1.263535871863181947e+00
-3.145226572831475442e-01
-1.268368041918842781e+00
1.271717174506455272e+00
1.580960315991930321e+00
1.273683511621158004e+00
-1.580960315991930321e+00
1.580960315991930321e+00
-1.580960315991930321e+00
-1.580960315991930321e+00
-1.580960315991930321e+00
-1.580960315991930321e+00
-1.580960315991930321e+00
1.268368041918842781e+00
1.580960315991930321e+00
-1.580960315991930321e+00
-1.580960315991930321e+00
9.419321245989555891e-01
-1.580960315991930321e+00
1.580960315991930321e+00
1.580960315991930321e+00
-8.285346018003653112e-03
-1.580960315991930321e+00
-9.520797643569316460e-01
1.580960315991930321e+00
-1.580960315991930321e+00
9.445999176755495164e-01
-1.580960315991930321e+00
1.580960315991930321e+00
-1.268368041918842781e+00
-1.268368041918842781e+00
1.580960315991930321e+00
1.580960315991930321e+00
-1.580960315991930321e+00
1.271717174506455272e+00
1.580960315991930321e+00
-9.459578007234539232e-01
-9.445393754849840118e-01
1.580960315991930321e+00
1.580960315991930321e+00
-1.580960315991930321e+00
1.580960315991930321e+00
1.580960315991930321e+00
3.019367463825350373e-01
-9.591249004333672890e-01
-1.580960315991930321e+00
-1.580960315991930321e+00
9.610912375480700209e-01
1.580960315991930321e+00
1.580960315991930321e+00
1.580960315991930321e+00
-1.580960315991930321e+00
1.580960315991930321e+00
-6.209300765598313454e-01
-1.580960315991930321e+00
-1.580960315991930321e+00
-1.580960315991930321e+00
-6.221343325967561011e-01
-9.644403701356827341e-01
1.258555273103702410e+00
1.580960315991930321e+00
-1.580960315991930321e+00
6.244023314613282860e-01
-1.580960315991930321e+00
-1.580960315991930321e+00
1.580960315991930321e+00
-1.580960315991930321e+00
-1.580960315991930321e+00
-1.580960315991930321e+00
-1.273683511621158004e+00
-1.580960315991930321e+00
-1.580960315991930321e+00
1.258555273103702410e+00
1.580960315991930321e+00
1.580960315991930321e+00
1.580960315991930321e+00
3.073808477455031718e-01
-1.146202162171530703e-02
-1.271717174506455272e+00
-1.580960315991930321e+00
-1.580960315991930321e+00
1.580960315991930321e+00
1.580960315991930321e+00
1.580960315991930321e+00
1.580960315991930321e+00
-1.580960315991930321e+00
1.580960315991930321e+00
9.472103347624796221e-01
1.580960315991930321e+00
-1.263382244852202518e+00
-1.580960315991930321e+00
-9.086641642005149899e-03
1.580960315991930321e+00
-1.580960315991930321e+00
1.580960315991930321e+00
-1.580960315991930321e+00
1.258555273103702410e+00
1.580960315991930321e+00
-1.580960315991930321e+00
-8.285346018003653112e-03
-3.117617793861396924e-01
-1.580960315991930321e+00
9.445999176755495164e-01
-1.264788405902207646e+00
1.580960315991930321e+00
-9.459629990306148706e-01
1.580960315991930321e+00
1.580960315991930321e+00
-1.580960315991930321e+00
1.263535871863181947e+00
-1.580960315991930321e+00
1.580960315991930321e+00
-1.580960315991930321e+00
1.580960315991930321e+00
-1.580960315991930321e+00
1.580960315991930321e+00
-1.580960315991930321e+00
1.580960315991930321e+00
1.264788405902207646e+00
3.274948833295986406e-01
-1.580960315991930321e+00
-1.580960315991930321e+00
-9.459578007234539232e-01
1.580960315991930321e+00
1.580960315991930321e+00
1.273683511621158004e+00
1.580960315991930321e+00
-1.580960315991930321e+00
1.580960315991930321e+00
-1.580960315991930321e+00
1.580960315991930321e+00
1.580960315991930321e+00
1.580960315991930321e+00
-1.580960315991930321e+00
9.644403701356827341e-01
1.580960315991930321e+00
-1.580960315991930321e+00
1.580960315991930321e+00
-1.268368041918842781e+00
1.580960315991930321e+00
-6.420353272474548234e-01
-1.264788405902207646e+00
1.262117446624712036e+00
-1.580960315991930321e+00
-1.580960315991930321e+00
-1.580960315991930321e+00
6.193734546997482493e-01
1.268368041918842781e+00
6.321007284228756795e-01
-1.580960315991930321e+00
1.580960315991930321e+00
1.580960315991930321e+00
1.580960315991930321e+00
6.243592517663885122e-01
-1.580960315991930321e+00
-1.580960315991930321e+00
-1.580960315991930321e+00
1.580960315991930321e+00
1.580960315991930321e+00
-1.271717174506455272e+00
-1.580960315991930321e+00
9.445393754849840118e-01
9.591249004333672890e-01
6.400871574026865130e-01
-1.580960315991930321e+00
1.580960315991930321e+00
1.263535871863181947e+00
-1.580960315991930321e+00
1.580960315991930321e+00
-1.580960315991930321e+00
-1.262177988815277541e+00
1.259356568727704184e+00
-1.580960315991930321e+00
1.580960315991930321e+00
-1.580960315991930321e+00
-9.405136993604856777e-01
6.291862235148881766e-01
-1.262177988815277541e+00
2.265254152895634920e-03
1.580960315991930321e+00
1.580960315991930321e+00
-1.580960315991930321e+00
9.419321245989555891e-01
-1.580960315991930321e+00
-1.273683511621158004e+00
-1.580960315991930321e+00
1.580960315991930321e+00
1.580960315991930321e+00
1.264788405902207646e+00
1.580960315991930321e+00
1.580960315991930321e+00
6.367629372400791521e-01
-1.273683511621158004e+00
-1.273683511621158004e+00
-1.580960315991930321e+00
-3.671415202900873975e-03
1.263382244852202518e+00
1.580960315991930321e+00
1.580960315991930321e+00
-1.273683511621158004e+00
1.273683511621158004e+00
9.397729459270496299e-01
1.580960315991930321e+00
1.580960315991930321e+00
-3.069348076376399725e-01
-6.353567761900740241e-01
1.580960315991930321e+00
-6.372625711142114735e-01
9.495857147421897793e-01
-1.580960315991930321e+00
1.580960315991930321e+00
1.580960315991930321e+00
6.221948747873216057e-01
3.199430820294127953e-01
1.580960315991930321e+00
1.258555273103702410e+00
1.263382244852202518e+00
-1.580960315991930321e+00
1.580960315991930321e+00
1.273683511621158004e+00
-9.473639617734590512e-01
-1.580960315991930321e+00
1.580960315991930321e+00
1.580960315991930321e+00
-1.580960315991930321e+00
1.273683511621158004e+00
-6.455975007684642275e-01
1.580960315991930321e+00
-1.580960315991930321e+00
-3.151161102809131864e-01
1.580960315991930321e+00
-9.495251725516242747e-01
-1.268368041918842781e+00
1.580960315991930321e+00
-1.580960315991930321e+00
6.305923845648935266e-01
1.580960315991930321e+00
-1.580960315991930321e+00
1.580960315991930321e+00
1.580960315991930321e+00
1.580960315991930321e+00
-1.580960315991930321e+00
9.493121316182273617e-01
-1.580960315991930321e+00
-1.580960315991930321e+00
1.580960315991930321e+00
1.273683511621158004e+00
1.273683511621158004e+00
6.284280075858263981e-01
4.259669893505568794e-03
-1.580960315991930321e+00
1.580960315991930321e+00
-1.580960315991930321e+00
-1.580960315991930321e+00
6.746219038242712296e-03
-9.459455365349891398e-01
1.580960315991930321e+00
-9.591249004333672890e-01
-1.271717174506455272e+00
1.580960315991930321e+00
1.580960315991930321e+00
1.580960315991930321e+00
1.580960315991930321e+00
-1.264788405902207646e+00
1.263382244852202518e+00
9.541391033667270261e-01
5.211426327584783857e-03
-1.273683511621158004e+00
1.580960315991930321e+00
9.529348473298022704e-01
-1.580960315991930321e+00
1.580960315991930321e+00
9.445393754849840118e-01
-1.580960315991930321e+00
9.529348473298022704e-01
-1.580960315991930321e+00
1.263382244852202518e+00
-1.580960315991930321e+00
-1.258555273103702410e+00
1.580960315991930321e+00
1.580960315991930321e+00
1.580960315991930321e+00
-1.580960315991930321e+00
3.281730566397156323e-01
1.580960315991930321e+00
1.580960315991930321e+00
-1.263382244852202518e+00
-1.259356568727704184e+00
-1.580960315991930321e+00
-1.580960315991930321e+00
1.271717174506455272e+00
9.562590674924094092e-01
1.580960315991930321e+00
1.273683511621158004e+00
1.580960315991930321e+00
-1.580960315991930321e+00
-3.184802439375583050e-01
1.580960315991930321e+00
-9.423833630139797357e-01
9.397124037364841254e-01
-1.580960315991930321e+00
1.580960315991930321e+00
-9.549011844445050023e-01
6.217313721838326757e-01
-1.580960315991930321e+00
-1.580960315991930321e+00
-1.580960315991930321e+00
-1.268368041918842781e+00
-1.580960315991930321e+00
1.262177988815277541e+00
1.580960315991930321e+00
1.580960315991930321e+00
1.580960315991930321e+00
-1.580960315991930321e+00
7.882385605080283186e-03
-1.580960315991930321e+00
3.282335988302810259e-01
-1.580960315991930321e+00
-1.580960315991930321e+00
1.065552769055280735e-02
-1.580960315991930321e+00
-1.580960315991930321e+00
-1.273683511621158004e+00
3.097387652295876537e-01
1.262117446624712036e+00
9.548406422539394978e-01
-1.580960315991930321e+00
6.402820310661487824e-01
-1.271717174506455272e+00
1.271717174506455272e+00
1.580960315991930321e+00
-1.262117446624712036e+00
-9.447535446865289455e-01
1.580960315991930321e+00
-6.353567761900740241e-01
-1.580960315991930321e+00
-9.472103347624796221e-01
-1.264788405902207646e+00
1.580960315991930321e+00
-1.268368041918842781e+00
9.501134272422289140e-01
1.258555273103702410e+00
-1.262117446624712036e+00
6.297858906337310270e-01
1.580960315991930321e+00
3.097562277252133289e-01
-1.263535871863181947e+00
1.580960315991930321e+00
-1.580960315991930321e+00
1.273683511621158004e+00
1.262177988815277541e+00
1.580960315991930321e+00
1.580960315991930321e+00
-1.259356568727704184e+00
-1.580960315991930321e+00
-1.580960315991930321e+00
-1.580960315991930321e+00
1.580960315991930321e+00
-1.580960315991930321e+00
1.271717174506455272e+00
-9.419321245989555891e-01
-1.580960315991930321e+00
1.264788405902207646e+00
-1.580960315991930321e+00
-1.580960315991930321e+00
-1.580960315991930321e+00
-3.089260571773480568e-01
-1.580960315991930321e+00
-1.580960315991930321e+00
-1.580960315991930321e+00
-1.580960315991930321e+00
1.268368041918842781e+00
8.285346018003653112e-03
-1.580960315991930321e+00
-1.580960315991930321e+00
-1.580960315991930321e+00
1.580960315991930321e+00
-1.580960315991930321e+00
6.271201296633963640e-01
1.580960315991930321e+00
1.258555273103702410e+00
1.262117446624712036e+00
-1.580960315991930321e+00
1.580960315991930321e+00
1.580960315991930321e+00
-1.580960315991930321e+00
1.580960315991930321e+00
-1.580960315991930321e+00
-1.580960315991930321e+00
-1.273683511621158004e+00
1.580960315991930321e+00
1.580960315991930321e+00
1.580960315991930321e+00
-1.262177988815277541e+00
9.644403701356827341e-01
-1.580960315991930321e+00
-3.068242603216001507e-01
-1.580960315991930321e+00
-1.580960315991930321e+00
-6.332368949897131394e-01
-1.580960315991930321e+00
1.580960315991930321e+00
-6.482684600459596158e-01
-6.249589188852313626e-01
1.271717174506455272e+00
-1.268368041918842781e+00
1.580960315991930321e+00
1.580960315991930321e+00
1.580960315991930321e+00
1.264788405902207646e+00
1.580960315991930321e+00
1.580960315991930321e+00
1.580960315991930321e+00
1.271717174506455272e+00
1.580960315991930321e+00
-1.580960315991930321e+00
1.580960315991930321e+00
1.580960315991930321e+00
-1.580960315991930321e+00
-1.580960315991930321e+00
6.387292743547821061e-01
-1.580960315991930321e+00
-1.263535871863181947e+00
1.262117446624712036e+00
-1.580960315991930321e+00
-1.580960315991930321e+00
1.580960315991930321e+00
3.131647742352429709e-01
1.263535871863181947e+00
1.580960315991930321e+00
-1.580960315991930321e+00
-1.580960315991930321e+00
-1.580960315991930321e+00
